10000

 2620   1685   5047   6859   3319   2907   7578   4412   7137   7438    468   5288   6777   2225   7179   4057   9845   5350   4148   3782   7528   8867   1381   6350   6937   9806   2222   7404   1551   8373   5352   7088   8344    525   9670   4946   4774   7814   7591   6973    499   2941   9916   8850    866    655   7369   3924    591   7228   1979   8469   1363   5971   6664    109   5299   7410   2131   2553   6878   8420   3218   9576    899   6055   3115    465   1272   6406   8890    939   9323   5938   9158   2439   8892   4360   2515   4075   2092   7196   4112   3980    966   2135   3200   6537   6783   6335   5028   5953   2726   5969    562    790   5530   8168   3086   4740
 8984   9000    566   7692   2338   9661   4801   9426   8299   9354   9407   7534   4487   6667   9012   6806   2720   1734   2661   3370    147   8026   5483   4502   8048   5122   8688   5741   2650    887   3577   1984   2433   6086   1722   4635   9599   2243    313   3583   5793   1534   7946   5630   6725   6757   5718   6595   3053   6809   6718   2548   2743   4481    696    645   8957   5745   4012    761   4813   2861   4241    963   8572   1466   3429   3119   3918   4261   9242   3894   5199   5855   7171   4639   3888   8597    338   8972     27   5229   2853   2571   1698   2106   6465   3300   3127   4202   8169   5576   8038   3368   2635   2041   4834   1108   7720   1887
 4469   6437   1067   1963   3545   6763   8258   7701     69    617   4911   9989   9478   9802   4889   3270   4401   7731   2394   6330   2458   2459   7232   5876   6369   3012   1357   3073   5438   8633   2663   4552   2010   7988   7690   3804   8634   2276   4514   8608   9672   5891    195   9874   4337   5955   5353   3946    272     65   7330   6069   6013   3916   4728   2001   7633   5660   6454   3157   6328   8218   5218   4109   6105   4544   3829   9281   3341   5301   7936   4938   8477   2944   4947   8569   3966   4051   9877   9640   9865    299   1997   8520   7707   7812   8174   7520   9717   5143   5321   2889   8022   8514   1711   1467   3652   6720   8181   6745
 5513   3143   3269   3953   1756   1928   3204   4959   2053   3920   2544   9114   1910   9516   8113   1621   3312   3042   9962   1681   9700   2263    733   9019    912   9749    370   4474    699   3057   3496   1405   9534   2485   2528   5607   7224   7927   4876   7647   7147   6721   1251   9467   2954   8402   9602   7695   4870   3241   1098   1401   2115    159   2872   4311   7702   4917   2095   8145   6082   5368   9739   3424   1428   1451   8408   4794   6293   9162   5595   4138   6296   2519   6853   7476   3432   2320   3701   8413   2266   4384   4539    651   9805   5822   1494    857   7711   5788   1843   2962   8510   1297   4951   9159   3997   3513   5885   8799
 2795    219   3963   3759   1158   2586   4118   9696    649   4132    261   6922   7736   7372   2471   4320   5399   2870   1039   1140     85   7281   7110   4375   4841     11   5331     62    913   2146   3788   9907   5139   1006   9334   5643   7611   9174    925   3447   2983   7064   4796   7468   9057    284   8926   1839   8713   3830   6529   7648   5930   7103   7114   4157   2672   2705   6564   8504   4603   1506   5502   3740   2883   5444   3431    164   8779   7972   9891   1710   1682   7691   8906   8707    938   4293   1869    396   7619   7121   4562   6325   5746   7666   8111   4134   2589   9219   8921   2723   7849   6186   7365   1330   6630   8358   7440   9489
 1174   2184   9401   3380   1999   2789   4060   3605   5367   5351   9307   4992   1688   1996   6121   3502   7958   6358   7871   5049   5454   5087   3049   4701   5561   9732   8618   1987   2462   2419   8638   2129   8173   1376   7840   5689   5913   1917    312   1409   4098   6865   1863   4702    127   9151   4904   3140   9397   2221   6338   3237   8624   6544   1870   8780   2629   3316   3859   4252   9241   9396   7016   6119   2331   4886   8175   9518   2648     86   3418   9170   1796   4969   8649    948    221   5192   3812   3818   5994   1111   5413   7758   3694   6758   6772   6608   4341   6410   5077   8150   7085   4666   2481   4218   3107   2259   3512   3437
 5486   7684   9836   3261   8316    673   7672   9707   3735   1743    826   9528   5026   3546   7200   3819   3961    935   7408    982   1939   2346    107   5252   6498   7018   4473   3311   7678   8805   6178   4671   7645   1980   2802   6187   5868   7348   8875   2275     93   7424   8091   6314   4421   3586   7950   3321   5093   7913   9145   1445   9205   4731   2779   5749   1103   6847    541   7800   2647   9996   4792   6236   1782   4577   5497   8534     36   3599   9017   4585   8554   3068   1636   5304   9183   4798   7831   3445   4742    289   5411   3552   8186   9312   8777   5973   8381   2899   1990   2966   3076   8411   1944   3551   8144   3272   3074   2633
 8985   2965   3613   3128   6268   8653   6698   9542   9301   8537    477   9915   5131   4276   7595   3648   5517   6621   3639   3715   3099   4616   2977   2937   8511   1929   4971   8601   7129   7995   6901   5430   2904   1358   2964    876   4333   6844   5650   8642   5939   2295   8241   9722   5679    943    825   6561   3964   4993   8286   6658   1977   4113   4254    237   2826   5580   4275   3081   2247   6078   3421   9761   9567   3067   8854   8000   5381   4175   5577   8377    969   1759   6408   9693   3665   7459   6907    479   5652   6227   2020     95   8515   4860   7561   7676   7304   2454   4751   9403   8236   9071   2280    555   4115   4838    359   8375
 8014   1970   9566   2981   7355    953   9476    795   1204   6094   4126   7842   1895   8032     17   7893   5140   2882   4874   2281   8773   2642   8961   9278   4317   8394   1664   5862   4747   6869   4122   2294   5039   7608   4416   3942   2618   5244   7425   4184   7342   4187   9523   3559   5765    802     76    529   7716   4164   2484   4818    891   1855    335   9908   6703   4185   3957   2500   5032   8338   1495   4617   1064   7722   5962   3352   1378   9775   9031   1626   9557   7816   1758   8980   4078   2627   4248   2527    785   9848   9855   9512   9757   4982   3872   7327   7872   6040   5072   2163    112   4645    798   4550   2972   9352   7072   4338
 4766   9249   5309   2033   1699   8337   4446   5845   9371   4289   3892    365   1964   4925    812   4439   5707   1342     94   1061   7488   5570   7007   5879   5856   3044   3454   1340   2210    173   9243     98   7363   8720   1791   1442   5124     58   8165   2744   4614   5789   5420   2343    425   3097   1031   9987   9650   4899   1095   6515   5266   8237   1876   9097   1200   8578    348   4458    637   3778   7210   7527   3879   3922   4504   5153   7640   6114   7660   5887   3219   5355   6074   2857   8080   4708   4522   9157   4056   1875   3817    518    528   4883    536   2084   9065   1296   4081   9632   1505    774   7339     99   3094    813   2921   5543
 5687   2942   9346   1336   7412   7033   9728   2051   1471    970   6035   9928   9966   9347   3832   7245   8934   1404    196    985   7935   2164   2327   3021   6052   1284   2005   6388    832   1523   6902   2824   3760   4849   3317   8136   9077   7117   7203    647    766   1725   3258   1447   7346   4006   4153   2418    919   5597   7291    415   9914   2447    847   2751   4611   9337   9087   9336   3252   5010   2212   7705   1692   8060   3598    294   8200   6625   9820   7109   9555   8702    419   5319   6567   2623   3072   5708   8748   3159   7960   3051   4578    915   9524   7063   5563   9729    810   1109   5784   9778   7858   5635   6762   9452   1105   4977
    5   4195   1055   6843    450   9791   5473    532   3637   2358   7670   6211   8559   8383   2753   2416   9779   2923    293   5547   7796    717   4752   7989   4712   2160   6189   3891   9822    161   5806   3526   3896   4284   4697   8671   9161   4072   3843   2451   4290   3246   6727    381    903   7258   5449   5362   2155   1168   6850   5631   9020   2693   4693   4315   2101   1473   2906   6405   2988   1950   4413   8222   4755    867   3601   3511   2732   3335   4892   3223   6857   5004   6308   2818   3548   4646   1110   7724   6997   7599    423   3677   9456     77   3954   2829   7808   9143   3462   3811    341   5693   4873     73   9554   1686   7656   2838
 4733    648   8502    405   3619   5079   1690   1789    567   3050   7455   5062   6494   2119   7632   6411   4176   6692   5085   9863   5948   8587   1310   9870     35   7864    577   9968    434   1178   6173   3826   7032   2700   3587   2698   4279   8803   2549   2153     40   7472   4111   6531   9515   7277   6932    308   8468   8452   4919   5905   4101    788   9543   3777   9008   9236   3786   5206   9768   5259   9198   5510   1540   3477   1558     49    750   3566   6383   9927   4809   8357   9429   3035   4334   6592   3876   6568   9663   1465   9411   9514   4795   9218   7051   4628   5227   2301   6104   8525   3177   4336    453   7229   5155   8705   1514   9096
 1835   3460   8739   8810   6339   7081   5993   4985   8007   1082   8135   7099   9220   7262   4684    204   8644   3102   4994   5033   2473   3333   9341   3537   5554    613   6234   2746   5240   3003   2109   8630   5989   6458   8489   5774   5358   1909   6164   3958   5160   4591    735   2110   2564   5111   8573    471   7350   1719   5328   5460   1087   9634   4995   5761   5020   5736   3822   8749   4856   2083   9977   8701   6329   4096    862   5342   2218   2440   8051   3170   2144   5343   3751   9010   1777   6705   3944   5647   5316    222   9849   8238   1137    309   7908   9902   5858   2655   6000   2114   9289   6120   1618     59   5195     90   1992   5468
 6818   3009   2978   7257   9505   9777   7957   1299   9182   8763    582   4204   1306   2392   3568   7610   3930   2960    270   6486   5614   6443   5250   4436   6407   4277   7615   5314   3770   2489   8977   4392   6828   3931   4220   6347   5247    466   3438   6986   5223   8302    483   1379   5116    311   3325   7299   7498   8490   9473   4404   6095   9754   9869    843   5952   8722   8335   2371   4093   3061   1545   3810   5998   2902    202   3903   4103   8995   6396   8426   8903   2188   2507   2017   2598    203   5592    575   2360   9222   2949   3998   3355   2884   3986   3915   2833   3640   6549   1408   7001   3775   9922   3388   3430   3835   7041   8109
 6867   1181    474   6160   2694   4007   3449   6960   5196   4907   7636   5808   8023   9605   1769   5852   4125   7285   1735   1557   1951   9752   4762   8735   9375   7775   9107   3425   4929    344   5204   7673   2801   7158   8076   6147   4644   9671    621   6311   6345   2719    514   2793   6218     26   4853   1339   7374    560   6909   2858   8548   3611   5706   3133   1760   2289    143   8816   3940   3783   6742   1139   5056   7305   1486   7169    630   8082   3618   2258   9126     67   7252   4664   5323   7161   2411   3024    972   6584   2516   9860   6018   3268    488   7895   9767   6511   3089   4230   9689     70    172   3667   6830   4881   5335   5778
 2170   7256   4812   2496     83   7882   4305   2911    794   5610    859   2009   1888   4500   4313   3950   7452   9075   8588   6502   6163   3286   3683   8863   2372   9224   7116   7357   5164   1501   1648   5775   9235   8164   9673   1226   6586   7453   9556   9959   7133   7335   8798    819   9951   3250   9285   2677   6023   2171   4160   7045     87   2417   6821   2946   4492   3638     96   1674   2825   7048   7924   7168   8390   9595   3762   6257   1972   2330   4152   8859   6203   9442   2253   6282   2495   4287   9056   4019   9187   9540    304   3106    257   7287   1801   2248   9965   3728   6780   9562    631     47   7130   2873   5777   6346   5245   6064
 7622   5453   5221   3036   4613   4429   1457   4833   6442   2207   7420   5024    198   5437   1852   9006   4901   8072   8576   2452   9495   7713   1312    611   4991   3923   8586   1968   6714    110   1668   9024   2312   3112   3505   1128   5935   7175   7078   2671   1553   6700   6877   5212   8059   2636    197   9937    199    136   1628   8694   9479   5903   8167   2077   6476   9925   5649   9529   8276    433   6363   9577    497   2914   7301   8703   2016    502   8804   9018   7163   1355   3062   4491   2323   9486   9393   9211    965   1612    552   2267   6663   2024   7015   4055   3092   3999   8481   9887    190   4852   2758   7590   8731   1277   2082   6091
 3899   1502   2545   2665   7457   4793    505   4990    917   1641   8778   1927   1032   2608   4028   5753   2118   6875   5401   3642   3384   1458   8716   9123   7148   2993   6093    550   2035    823   9631   6075   8217   3249   5976   3227   6873   4240   1189   9498   9391    339   9144   5025   6475   5184   1728   5928    583   2307   1784   7803   3733   8117   5918   1294   4484   8245   9527   3797   4987   8637   7091    436   9688   2437     20   2230   9103   3444   4405   9115   5158   2836   8035   2328   6068   4406   9998   6954   5133   5064   6049   9801    476   3063   7466   8364   7456   5584   6771   6489   5638   1134   3203   9282    958   6287   7556   7448
 7442   3627   9963   6908   8346   8955   8284   4926   2183   9747   6376   7191   1343   5682   9212   1332   2382   1242   8657   9264   7777    187   5843   6915   6355   4213   7366   8754   7250   4041   3315   2286   7515   6776   3993   2603   1861   8363   7834   3941   5826   1213   2402   3220    588   8415   3199   1708   2845   2959    974   5700   6056   1301   3267   5106   8085   1882   5987   7966   8089   6945   1348   2562   7246    458   9064   8434   3789   9005   8997   9035   5498   8832    994   6632   2722   9585   8614   2468   5685   5641   6428   4839   6768   7980   2974   4777   6693   7562   1228    135    285   4174    780    407   7915   3443   6829   3347
  292   2049   4978   1127   7315   4003   6814    548    850   1753   7338   9454   3410   1346   3569   3726   6144   1913   4894   5014   9149   3629   3676    762   8058   3304   5208   4308   5759   7888   4253    722   2442   3756   4397   2776   8187   4519   3043   5581   1831   2704   6735   9833   5031   8207   7264   8068    724   3084   1430   6136   6123   3296   2654   7423    620   9686    607   7253   9292   4659   8758   9273   5340    510   1713   6532   4962   9013   3310    836   8252   3532   7462   6812   7329   4565   5902   8430   7620   1609   5625   9142   3741   9733   4601   6993   4980   6444   7824   9462   7565   3836   9507   6301   9692    176     32   9654
 6989   5830   2762   8686   1773   2381   8631   5183   6138   8603    662   9453   2688   7000   5418   9446   1040   9291   6225   7429   8291   9843   2018   7809   2262   3104   9110   8243   4634   1083   1014   5081   2641   5947   3337   7076   7265   8086   5755   7542    320   1302   4347   9718   9369   1923   1276   5312   6707   9493   2021   1117   9475   6910     81   6403   3254   1624   5701   6524   2426   2576   2339   3179   8044   4688   1755    104    895   9594   8823   3530   1493   7226    668   4331   7464   4912   2015   5200   2841   3411   8612   1750   6243   5448    770    626   1267    569   9997    565   1496   1593   2601   6107   3490    521   2630   1413
 4694   7735   6101    507   2048   3823   4328    403   9772   9649   7877   7204   3780   7260   9102   4009   9601   9168   5866   6129   2347   3475   8498   1313   7878   5092   7819   2140   1644   9815   2363    111   4657   8098   5940   7331   3457   5723   5242   2322   7031   1645   4530   8615   4709   5459   1063   9275   8629   6015    432   3351   2503   9691   5370   1058   8689   8819   9697   6752   7643   5699   5263   5900   7594   4662   5363   5016   2206   2831   1720   1449   6048   1338    615   2058   5098   8891   5279   7165   1107   3265   7362   9308   7192   5676   2683   5400   1798   8506   9917    374   5958   3988   6439   9343   4633   9629   6080    315
  413   9420   5415   8170   4988   3935   9076   8120   7069   6431   2374    568   8116   6192   5974   5705   1571   1873    829   4705   7552   1206   8579   2025   7217   9233   1504    118   9912   7302   9763   8676    354   8366   5560   7159   7787   6272   6613   3995   8446   9551   2876   1588   4326   8990   4272   2273   4030   4781   2804   3135    551   3406   1191   8163   7139   7181   2265    646   4052   2957   1531   5439    256   7971   5141   4937   2558   9991   8693   8077   9774   6283   2208     91   4534   3155   5467   3079   6191   4367    672   6733   8760   8719   6798   1328   6680    592   9410   3825   5532   5375   7513   6730   4908   9181   8267   1943
 2807   8045   9210   2441   8365   5281   6559   8317   1383    501   6097   3236   5194   3275   9659   2096    678   9252     50   8654   3882   8941   4322   5264   5565   8075   6657   6199   5899   2766   1790    316   5286   2989   8904   8755   1986   7762   4343   9070   2376   2014   5433   1667   6083   6440     19   5742   3126   1567   6217   8097   2277   7885   7177    230   9091   9342   6381   9983   6242   8438   7170   1116   5796   2540   6389   8925   4036   4915   2518   4975   9750   6737    928   6149   1883   2044   9040   3809    846   6927   2196   4073   9880    854   1817   6539   1000   1971   1344   8555   4954   4120   1275   4531   1740   9830    821   1223
 6683   4273   7928   4034    326   7419    951   7768   1290   9979    134   4046   5480   8530   2122   2932    988   4715   4750   8450   2903   3498   9687   5172   6183    255   5874   5950   7126   2319   5588   4872   5591   6229   2252   1866   4593   8910    686   1424   1814   4575   4583   6655   6649   8397   5197   3651   7932   1298   3987   1744   1166   5361   2299   6914   1153   9482   2482   5593   6674   4501   6112   9755   1811   4013   7664   6765   9448   7757   3801    769   1546   7582   9790   1864   1512   1270   1560     60   8812    409   3392   1926   5371   7894   2550   6898    194   6710   5405   2854   2924   5389   6617   9499   6521   7557   7930   4403
 5334    498   7853   6724   5341   7186   7278    745   7901   3206   7478   5931   4224   6786   5434   2097   1051   3277   6740   9713   7848   3314   5364   3626   6611   5422   7573   1976   1872   1517   8447   8019   6840   1060   8902   4463    126   3215   6788   5104   1360   9944   7583   1101   1479   5394   5152   8229   9746   6122   9565   1089   2658    949   3357   4189   3489   6964   7211   9388   6900   8513   1610   6054    874   9221   3307   9598   6590   3581   3952   9351   6425   1227   6883   5011    932   3402   3560   2737   1154   6925   9586   3985   1742   2869   3685   7418   6382   3483   3011   2162   7028   7886   4536   9569   9909    131   6249   4918
 8840   3576   4754   6305   9207   5262   2628   7194   2087   6987   3468    616   3182   3621   9259    269   7237   3712   2271   8776   6838   3693    960   7223   1351   1333   3610   1264   9533   6591   8008   3631   1300   5202   1274    430   1469   1827   9758   1805   2687   5193   2980   7774   4589   6826   4451   3162   2938   8558   4861   4259   2768   8305   6168   2240   8196   6264   5137   2639   1969   3541   8574   2645   3030   9425   5558   7630   7904   8623   3814    546   2428   8711   9972   1046   8970   8571   8119    482   7975   5579   8069   7486   1259   7460   5149   9982    417   4631   3329   1185   8485   6677   8756   4345   9464   5571   5844   3344
  401   5717    752   7124   3501   8519   6472   8063   1940   1195   7837   8582   2568   2968   8673    277   3716   6423   6668   7484   7222     92    493   1245   6260    599   8604   2926   1772   6135   8841    183   1595   2490   2062   2945   5996   8449   5893   6053   7434   1012   5524   5653    242   2917   6386   4624   5173   9617   2755    148   7268   5278   2985   6709   3866   8401   3358   6723   2389   7055   3386    933   8106   1188   4902   7505   6277   8049     41   2875   4082   9665   7998   3029   7155   3813   2335    102   8619   1068   7631   8551   2134   9055   1235   4885   4211   2891    638   7122   7454   5423   5293   5657   9630   9627   6233   5481
 5484   3721      7   8712   4713   5251   1292   8759   1402   3031    739   3982   8062   1201   6800   4151   2297   4037   1390   2270     74   6640   5690   1635   6081   2216   4857    422   3854   1781   1776   5664   8270   9842   3180   6007   2244   1804     55   1205   5225   3654   2780   8202   9027   8725   2652   6273   1892   1679   5479   6682   7797   3109   6641    200   7430    166   5097   6320   8419    572    175   7465   4815   6212   1995   7443   8960   1746   8053   4434   8006   6699   2291   9793    276   7969   7794   1605   6675    428   7822   5820   6193   5078   1149   5917   8605   4559    634   7351   4425   4732   5292   2739   6255    346   2865    192
 8231   8986   7649   1236   3874   3002   8157   3867   1762   4049   2602   5068   7097   5750   9080   1309   5265   6349   1176   7880   3704     16   9230   1580   4692   2570   7218   4048   2997   4932   4460   7585   3855   4561   6665   2925   8668   1806   8808   6210   7753   7201   6958   3934   8606   4249   7571   5840   8471   8374   6627    404   3077   1799    245   9042   5472   3580   6976   8822    585   8398   4464   9676   7411   4681   4527   3110   6365   9532   2748   2943   8483   7986   6226   2733   5966   1858   6395   8054   4443   8887   2535   6010   3709   1050   9552   3407   3260   2916   7993   1903   6863    740   5226   3821   4228   6872   4363   2616
 3992   7046   1106   1524   7782   9331    911   9189   6047   5384   6448    253   6852   1237    967   1677   8726    977   7601   1622   4250   1555   6849   2756   6808   6451   4296   9535   9381   3643   1687   5186   8354   6813   8899   7823    849   3371   4201   9760   4588   8042   8663   2232   5146   2531   8193   9950   6157   7400   2524   4232   9474   8873   5623   4024   8768   4811   9253   4023   3379   1446   7487   8246   6158   8918   7793   4748   3755   3509   9964   7395   2497   4270   2424   5514   5911   5692   6716   4091   2274   8765   9706   2354    682   9961   7883   3725   8403   5198   6285   2239   7405   4282    587   1983   5390   5369   6333   5817
 8103   4092   9841   6012   5667   2026   5463    362   2724    600   1860   2734   3776   9736     42   6810   6447   9083   8093   3224   4099    674   9389   4440    321   3927   7541   9237   7681   9818   8930   7698   5254   8596   4524   9892   9419   7710   2950   1172   4805   1440   7458   8221   9662   6950   8645   4386   5069   1706   8639   8715   6322   6638   6477    975   2195   3016    961   8743   1522   8687   8541   8737   1783   1616   6981   8180   9621   6876   7737   8197    509    656   7575   1118   4188   2055   7383   1244   8225   7811   4900   7554   4691   7172   1661   3257   6962   4642   8043   5698   6362    931   4219   2727   3191   7062   4961   7039
 8771   8871   3397   7384   4840   7353    632   9723   1437   7344   3865   6598   7845   5810   7600   2136   8561   1066   4746    473   8285   1367   6626   5522   2453   3688   4597   9276   8255    531   7965    922   9424   2130   3419   8697   7066   7502   5055   8589   1816   6998   2121   5347   6701   2429   3297   5642   7884   9360    209   1010   2127   4686   9413    751   9530   7166   4725   2522   1815   8096   4663   2643   6261   6415   8750   5850   3378   9976   1049   7654   2786   3071   7569   5117   2749   9744   7421    191   9941   2728   6357   4179   1132    300   7290   8828   3181   8696   5552   4882   2644   1574   9178   5424   2584   4952   9932   8882
  213   3417   7718   8034    437   3167   4428   5027   4376   8013   6065    519   5061   9727   4064   1597   8967   8908   8847   3692   2896   1947   4408   7856    226   3805   8916    685   6246   1304    744   5709   9038   1057   9382   6974   9049   8288   6779   5249   6392   6108   5666   3948   3114   1303   6923   7495   5849   7259   4054   4843   1731   4680   9106    267    232   9427   6235   5320   7802   2373   1704   6833   6886    677   2204   9402   7216   8801   4541   8635   9171   5605    153   9244   1833   3338   4618   6695   3960   7083   4488   7629    323   3699   7529   1151   3373   7641   8769   2190   6141   7791    129   9684    394   6750   5126   3087
 4619   3434   3902   2532   4086   6637   1954    481   3630    368     22   9326   8405   3516   6302   5673   7184   1945   3800   4515   4944   9782   2975    671   9139   5168   4274   4165   5500   7999   3779   7766   3391   3485   4722   7739   9045   8379   2520   9852   7531   2511   5359   1792   1069   1476   6221   4044   9305   6062   4266   4499   3858   1952   2847   5608   9956   9581   1520   3499   8233   2587   3553   6043   8418   3592   4426   5978    223   2777    128   1793   3981   5763   7990   9445   7781    756   8943   7970    564   1287   2692   1967   5537   1391   3603   2004   1253   4773   7614   4246   5783    533   7352   8029   4476   2660   2849   7579
 5115   8263   4031   4388   8010   8936   5694   9817   2308   8310   2871   7345   1548   2666   1349    579    755   7584   4231   8963   9745   3150   1960   2715   3361   7024   3675   6116   8806   5298   1009   4931   4312   5398   9398   4981   5889   1859   5946   4368   9646   1229   7263   6020   1393   7188   8839   9009   9002   6058   7838   2512   6481   1052   1352   5583   8721   5205    246    168   2609   7447   7697   4035    158   7715   7912   1180    783   6495   1037   8427   9703   1787   9184   1907   3280   4121   8563   7859   7013   5787   7876   2007    260   2309   5818   6766   1676   6316   3308   8912   4654   3251   4210   8182   6633    123   3364    350
 9895   3870   2514   9279   5779   7094   9465   2501   8009   8971   1643   1410   8130    179   4842   8550   3132   8894   5219   8727   6327    905   6999     51   1065   8012   2790   2569   8414   4324   4379   5616   3827   5550   9620   1850   6804   4910   7961   7215   8864   4226   3909   6256   4374   4422   5256   2479   2037   9675    211   4678   1630   6934   3151    314   2057   6747   4181   4738   8708    534   8820   8154   5135   3273   1042   6953   2798   5504   4385   6398   9295   4080    414   7959    545   3093   2898   6864   5956   6918   9124   9572   1444   9633   1007   8811   2148   4846   4206   1036   4356   1898   8591   9208     13   6764   7068   9568
  768   5235    513   6920   6924   1452   9166   5129   9439   9834   8232   8376   2113   3480   6509   7550    839   1716   7764   6239   4563   3871   8553   1028   9657   6503   3542   9667    896   5148   3233   9508   9952   4720    844   8680   5975   5130   4696   2690   2242   6773    711   3405   9742   8389   2708   3653   1498   7948   5594   7625   1293   5166   4735   1239    893   6179   7929   3763   3895    605   7244   2257   4255   4498   7862   8942   5216   6342   7931   6151   1090   8543    623   8900   6548   4540   8992   1403   6593   9781   3239   9618   7480   8341   5462   7014   4953   4100   6488   1766   9899   5786   4679   2707   4260   3718   8860   7559
 1649     43    894   1011    815    364   6820   5392   9217   7821   7741   6985   8717   7522   5611   6666   3554   6420   7021   2107    358   6373   7996    329   7725   7984   6171   4022   8869   4984   1608   8845   6659   8652   5722   9003    302   9015   5572   2597   2326   3255    571   8880   6436   5807   6610   9311   5636   5167   7100   8613   4660   9339     97    952   1426   3535   6132   2246   9284   1912   6375   5303   1599   5102   2809   9890   4021   8265   6348   5345   8421   8821    608    775   3597   2147   8368   8881    447   4369   8677   3259   7634   7788    962   4788   3690   9978    793   8978   9923   5276    427   7558    773   1263   2855   8296
 9100   1919   6912   5860   5619   2918   3525   2329   7767   1573   2638   7037   5091   9460   9416   6360   9283   2710   2303   7323   6215   1492   2509   1094   5059   9435   4147   3466   1802   5909   6979   9656   7719   6639   3098   7225   3323   4804   8664   8932   5863    936   6456   3293   7273   3141   7985   7332   7507   3472   6940   3271   9600   3348   8545   8616   7783    618   9179   3792   9645   6575   7104   1216   5302   8974   4880   8416   6468   9138   1148   1584   4831   2368   1684   1384   2656   9176   5236    698   9309   8223   6956   9036    361   7638   1439    495   9517   7089    964   9918   7354   7994   9206   4209   9415   5348   7699   2605
 5297   5100   3149   5959   2551   6280   6462    822   1038   3901   7519   9477   5494    709   3737   2235   4505   3973   8878   9084   9409   2575   3567   6799   7770   8300    142   8958   4934    704   2030   6760   2268   6323   9628   7385   5710   8857   6607   1738   2935   2773   4335    934   5766    451   8074    923   6984    114   2886   3522   8400   1565   7481   9681   9136    574   3612   1885   9803   2721    888    303   4149   1162   9361   3849   6146   1165   4718   3183   3399   6341   4835   8424   2730   6087   1714   5419   3730   9548    993   9188    624   3833   8817   8829   1925   7382   3196   7869   8112   2157   5086   2594   6793    116   5716   6807
  661   6506   7650   2843   4714   9272   2456   9999   4129   5280   4610   5967   1991   1278   7992   6368   2214   6006   4996   1845   5585   8724   2201    694   4772   3295   3463   5157   3749   6487   2599    489   3105   3959   8362   9131   1749   1219   3790   8646   8796   5771   3714   2832   8239   8496   7324   5927   1754   6794   1587   8352   4532   5035   9788   4233   8432   4863   2604   3103   1844   9014   8706   3793   9428   3563   3202   1400   3153   9197   3723   9193   7700   3520   3650   8495   1356   6438   9423   2236     48   2619   6545   9825   4302   7479   1761    150   2029   1102   3136   2446   2565   3585    747   2154   3442   5715     39   3144
 6787   5846   4760   7061    297   3362   8429   9626   1965   6266   6274   7178   1359   6166   2124   7358   4869    472   3178   8115   4998   9658   5764   6394   5429   3285    817    869   9440   8503   9701   6490   9274   8172   3294    742   1316    596   5799   1659   1924   6252   3784   7881   2463   2860   5150   8209   5101   7688   6371    797    366   4084    840   2217   5063   8249   6897   2905   9875   5827   8244   4162   7477   3604   3232   8538   6343   4467   8946   5001   8178   3420   2369    385   1938   1748   5275   4262   8212   2061   7107   4753   4525   8423    360   8843   9853   6224   8156   1998   6169    598   5329   8482   3527   9596   1795   2788
 1177   6170   1013   4107   1838   1819   5505   6530   2365   5678   7499   8999   4471   5145    347   6077   7297   8868   5421   2613   6691   1281   1163   3422   4510   2178   6326   8015   2036   7761    376    343   1488   3474   5344   5651   2344   8475   9113   8789   9430   6856   4265   7956   8690   7671   2047   9813    906   8809   8915   5744   6694    290   4710   6433   9163   8814   1455   6819   7744   8319   8824   1167   4533    852   6026   8991   1024   4673   2318   7074   9986   4342   6702   4110   5495   5545   3842   4310   6110   6103   3974   3082   2075    491   6585   5519   7230   4243   7902   3589   6514   6021   1830   3339    259   6099   9280   8025
 8277   8250   7785   3696   6090   7687   5837   4845   3026   6076   4366   7238    757   4050   4349   7954   4117   9590   9685   6930   2300    155   3305   7251    216   3195   1371   7086   2979   5526   7047   1741   9769   1003   6965   5239   8309   9239   8372   3129   8524   8851   5253   4721   3932   3343   2068   1077   1144   4271   3356   2859   3211   6162   2830   4133   1218   3476   7146   4590   6317   7313   5601   4318    787   8679    535   9466   5338   9011   9404   1474   9936   8081   3198   6921   5615   4707   8938   8166   2922   2892   2139   2355   8425   6452   2816   1889   7077   6038      3   6071   8342   2408   6231   6353    139   3799   9705   8158
 8370   8294   4826   2387   5113   8874   3660   2279   7539   2325   7205   1146    759   1256   3534   1388   6507   7825   2340   1265   9702   7746   1957   5842   1240   5248   7548   7157   3738   4353   5076    484   8844    950   6895   7340   1022   7789    731   1556   2361   3290   5564   6885   5211   7141   7727   5803   9372   6971   1081   4186   2431   8628   7320   1840    811   8142   1733   7968   2592   5163   4621   6034   6589   6690   4847      6   7570   9726   9859   6284   4025   1104   5954   4914   6629   1123   2448   4790   7010   6449   5416   3769   9945   8412   7105   9648   6399   2546    973    511   3529   9494    578   9711   9108   5074   7119   5721
 5551   3711   8741   1286   8883   8210   3705   5556   2745   5144   8367   9764   7108      2   7586   2523   8100   3840   2615    883   1849   6890   8033   2664   7941   3374   4077   9622   9988   5171    229     61   9060   7898     72   5410   3697   4330   1916   5306   7407   9955   3678   8147   2316    726   2534   2486   3732   9807   3523   8395   5901   2880   3744   3857   6418   2967   1210   4172   1890    241    210   1005   5640   8945   5782    691   5732   6265   1857    984   1594   1826   4936   2189   1973   7294   4545   2680   6366   1211   2827    189   8064   6485   3758   6543   6030    559   5234   8699   1591   1070   4432   3174   9579   2808   5575    540
  144   5119    332   4247   5872   8592   5696      1   7963   6635   9112    516   8251   5637   9873   4789   9970   1703   3798   2272   1767   7474   4586   3495   7254   6426     34   9121   7289   9992   2674   7922   2560   4596   7618   1288   1920   2681   2380   1125   9511   9016    610   1535   4244   8611     12   2659   2837   1221   1894   7343    824   4067   8532   6845   9192   5586   3905   5409   7976   6461   4154    218    976   4381   6267   6067   4370   4655   2423   5070   7655   9449   7665    371   2385   6370   9437   9864   3164    442   8410   6835   3302   6746   6113   8199   5123   7207   5151   4695   7947   1694   9022   8016   7417   3852   6367   5926
 8472   9357   6557   2091   4027    305   4314   6966   9359   2998   8271   1448   5181    283   2637   6547    380   1598   2992   6427    831   4002   7726   9471     75   3408   5555   2367   8148   6194   5310   2796   2406   5305    250   5207   6571   2729   7952   3669   9905   1489   3708    589   3680   8456   1285   3091   9262   2395   1988   6556   3400    995   6553   8911   2211    937   4448   5393   1273    653    151   5496    828   5327   8507   8562   9521   7415   3263   4155   9503   3446   8643   3768   8665   6527   6580   6493   9536   1589   6679   5831   6967    243   3245   9119   9098   5968   5318   2220   7870   6741   7309   9067   4371   4558   9384   2200
 8371   1959   4523   3978   9266   9177   2714   8318    595   9082   9809    331   3075   9677   6899   2842   6770   1234   2699   8570    504   6300   4512   9150   7967   4486   6072   7336   1652   3350   9046   6756   6769    478   2193   6834   6089   1712   6889   2574   8259   9125   4570   8326   3544   3006   9748   5573   4159   4821   8107    538   9376   6713   6941   2223   8836   9931   4063   2810    741   1045   3887   7150   6340   3037   9154   8185   9719   9866   6817   8311    627   5511   2023   3979   5743   6841   7778   5169   5628   8508   6441   1780   8304   2311   8380   3281   8126   5154   2362   2008   9683   2465    601   7798   8030   7799   8975   1901
 2529   7154   7661   5908   5470   8155   8682   4775   2305   9400   5528   7626   1485    597   6297   9771   1868   9504   6352   2934   9492   6042   2410    184    834   7553   9090   2781   9615   1246   4171   2588   5435   1633   5904   9994   5040   6660   8897   9129    307   2348   2198   7939   5805   6237   4449   5813   4595   3065   8070   7144   5029   4361   7944   1549   8480   4203   5019   6379   5970   3556   2567   7588   5336   5780     79   6661   3574   9911   8283   9538   9127   4935   9261   3928   2403   6209   3839   7445   1646   4739   1164   7669    619   1763   5795   8437    115   2591   5654   7621   6881   4018   2260   5621   1248   7444   1361   8224
 2098   1921   7450   4292    547   8406   1521   1701   6546   3670   2112   2132   5762   9851   7306   8827   8818   4667   4380    629   5282   2607   9762   7333   7938   5986   9896   7106   7334    652    654   5851   6307   2292   4564   1563   5428   7482    492   8505     46   8161   3209   8313   2461   6851   3441   1696   4830   1978   4743   7401   1837   2712   9559   3747   1658   6393   7396   1124   7189   1592    855   2778   4922   9871   2862   3398   1900   9904   2199   8312   8460   8036   8782   5159   3334   7397   9784   1533   8388   7543   4327   2487   2438   3369   2973   7772   1220     54   8788   6623   1225   1230   5461   2302   6982   5639   7092   4587
 3710   7221   9885   4475     63   9459   2366   9947   2150    872   1985   4771   4221   5110   3121    130   9940   8260   2425    446   5490   6882   6816   9293   7934   9029   4461   3404   1625   2678   7446   2866   3484   3864   2179   6009   8476   5606   1001   6161   5544   6464   3210   6734   1532   5191   4896    333   2187   6046   2667    356   6951   5802   2352   8700    804   9488   7903   2735   6174   6222   5688    808   6188    239   4737   3608   6318   9798   3458    306   3117   5053   3646   2383   4770   4234   8704   8329   6917   4454   8465   6893   1029   8274   7131   3214   1550   6480   8435   5877   2933   6292   7841   9412   8797   3990   1280   3435
 8583   4727   2624   4960   2557   3346   6332   3282   9457   8382   4816   7918   4029   2625   5066   3116   6492    909   8905   5609   9651   4150   3060   6601   8303   1671   1726    665   5800   9319   6409   6837   5617   8567    342   4257    771   9935   5929   6904   7817   2336   9260   1765    251   5988   4556   8301   3247   2506   4972   2580   4508   3360   3994   2475   6672   6085   9294    310   9227   4913   7111   1707    841   4629   8692   6066   3014   3326   3900   8876   5246   8289   6870   1041   5105   5672   1192   7234   2480   9544   5648   9812   3301   3088   4893   3672   6949   1190   6390    544   2432   8104   9315   9164   9130   2863    169   6618
 2351   4648   5372   7199   7127   7685   9993   2476   8078   4212   8937   4447   7364   7101   5475   4323   1794    956   9048    700    503   7367    449   8331    758   8336   4066   2450   3354   9255   9310   9704   6002   5442   7921   7889   9612   6051   5377   6190   8011   3008   1372   3464   8666   8954    924   8272   5048    635    113   1654   6156   7658   2409   2191   9883   2856   3403      8   9695   1820   2143   3467   4090    275   1670   5346   6854   7019   3207   2505   1896   5559   6148   5107   2800   5322   2881   8219   4854   7416   8280   7388   3101    907    998   3156   4858   2034   9753   4632   1080   1198   8470   9926    207   5034   8455   6177
 7056   9421   6848   8728   7592   9714   3939    522   1160   3664   2706   8636   5923   2185   8923   2169   6911   1989   4177    271   8998    421   7899   6459   5261   8564    424   7300   6628    705   9980   1655   2173    816   1418   6631   6460   6678   8544   8002   5767   4301   3914   4897   9773   6791   9379   9526   9720   9128    927   2999   3366   8667    452   5669   9981   9575   4137   9856   8171   1482   3862   9328   6445   4537   1203   9699   7642   9679   6457   5864   3375   6005   8729   8787   3720   8125   6946   1130   9306   4144   7049   5731   7667   2593   4348   3172   9862    410   9365   5237   6014   2543    146   9954   1602   9390   6228   9666
 2611   8996    873   2287   4291   6525   5397   4764   6028   1392   7537   2976   8674   7241   4483   4927   2850   8332   9740   6385   1399   4417   3013    602   1314   4652   4442   3772   9800   9792    340   9690   6422   6378   2072   5839   2399   9715   9001   8745   8279   4020   6726   5224   4106   8443   4135   2913   9519   6011   2364    786   6842   3590    929   9644   6669   7663   8593   2255   7581   1122    658   4723   3913   7773   9418   9933   2192   8584   7368   1365   8627   3803   7786   2117    848   3287   3607   6216   1076   4494   7249   5482   9680   5287   5599    265   3856   1414   7536    702   3739   4769   6566   2125   8969   7386   4827   7873
 2774   8599   2315   1590   2948   4365   9101   4477   1537   3658   2126   4699   1841   6029   1700   7087   2991   4394   3217   8123   2457   9674    170    160   9033   5414   2684   7394   3225   8781   3137    363    274   4592   9214    464    580   8122   5825   5535   7167   5260   2987   4605    193    853   9256   5501    439   7496    470   5147   3538   4859   7832   9653   6738   7977   4580   1374   4687   5177   5686     68   3493   1660   5857   6088    614   1638   1364   9303   8609   7612   4637   7011     80   6517   8893   4871   5356   8549   5834   2391    581   8950   6522   2893    748   4780   4569   6704   4888   3306   2342   9682   9433   7209   5730   4867
 4362   3284    431   9824   4269   9861   1662   3594   7801   9867   2333   6126   9468   8321   5220   7973   4014   1470   6948   8540   7682    586   3345   9180   7136   8099   9846   4495   6165   6936   1724   8226   4223   4053   6722   2890   8518   2089   1955    940   8898   5895   5907   7212   7769   7604    214   5791   9903   5934   5120   2815   2474    235   8632   6662   6719   2120   7075   7535   7545   9327     33   8813   3487   6079    693   3055   4359   5258   6244    373   1249   3390   2264   4127   9613   2888   5644   1491   7792   7286   2421   2031   6789   8473   9710   1120   3533   3506   1097   3409   5005   1975   1325    692   2953    186    712   1497
 5944   2464   6676    317   5487   2056   3054   9593   9823   8079   1569   7916   7213   6686   6019   1202   9967    490    459    714   2561   5629   4462    593   5012   6084   7891   2159   7805   2791   1456   4088   8790   1922   1085   6728   8003   1953   1823   8474   2897   4399   1002   2510   2653   3687   4850   2696   8214   5751   7406   4682   3878   3508    177   4094   9317    856   5951   7937   2626   4358   7747   9007   8600   4414   6687   4719   7979   3989    530   9655   7054   8386   3910   6784   2559   6232   7038   8347   3165   2785   5516   2566   5646   4875   8183   7978   6541   2174   2420   9186   6134   4887   8027   4579   3032   6259   3877   3034
 2168   5668   8886    234   8129   6041   5553    462   7949   2357   3750   2716   6697   8909   2378   6929    248   2422   2951   8685   5943   6685   2043   3771   3889   1171   4354   4283    827    388    553    445   1867   3949   2386   1193   5506   8327   5185   4390   2414   5713   3816   7910   9250    448   4964   9366   7491   1073   7597   4807   5945   3108     15   9226   8139   2467    162   7427   5403   4065   2919   3040   5671    152   4622   5662   2042   7734   1730   6975   9942   8448   6281    818   2359   1417   7708   7532   2066   4304   6501   7198   9148    258   1715   4346   2709   7059   4239    606   5848   1143    921   1585    494   3389   2538   3734
 9765   4251   3929   9200   9810   5324   3707   6491   5333   9335   8345   5067    708   9196    660   2493   8052   5165   7009   2079    981   3838   9190   3668   1665   4776   7279   1982   1600   1156   7197   8090   7596   6650   3806   9882   6155   4676   3873   3831   5037   7589   8428   2713   3213   1025   3938   6880   9199   4700   1406   9549   4444   7006   1435   3176   2763   8160   6008   4779   6139   2969   3722   2956   1822   2697   4924    833   5038   1576   7053   6057   2052   8962   7850   7149    723   1739   2293   2822   4726   3017   6401   1175   2427   8153   6286   2747   3382    684   9406   2819    875   1663   4920   8527   5598   7347   2290   2401
  101    904   3863   3413   4424   9610    697   4216   2233   6781   7275   6004   7387   5538   9857    989   1319   5493   2741   3238   3657   2547   5622   9085    799   2283   7449   4940   8340   2996    324    681   6823   7874   6969   2868   7696   6612   5456    349   7572   1669    398   4431   6600   5896   5847   5489   4016   4116   2407   3565   4344   3807   9789   2073   3244   7523   6748   5339    149   1078   4948   7242     66   2606   3000   8275   8484   9086   9405   4300   4851   4306   1182   9417   5127   1086   2251    185   9614   3614   1194    695   4656   4038   5283   2554   6334   4387    908   6684   3972   4734   2542   6045   7911   6128   8138    180
 2517   5529   6143   9766    603   5294   2165   5170   9756   8290   1018   7248   8433   2050   9109   9973   4039   8837   1893   5269   5883    420   7509   5096   4576   3440   8791   1161   7679   4466   8831     84   3095   1962   9664   6822   3969   1027   9367   2631    178   1113   4163   4507   5045   9948   1184   9580   3064   7461   2022   7128   5471   1311   8004   4191   7942   7261   3919   9786   4207   1462   3416    558   2404   1908   3595   3415   4418   3886    641   9213   9924   2676     25   2823   1429    805   7807   9480   4455   4983   7321   2600   9094   5540   1911   4479     38    156   8133   2167   1579   5549   7689   2900    441   4402   3921     31
  978   5084   4823   3593   7017   7544   4884   1568   7243   3543   6206   1331   3984   8560   2852   8535   8795   1385   3570   4698   9607   4791   2541    576   9759   9539   1554   9520   8143   1329   3303   2662   2556   6251    337   6159   5719   3497   6533   8607   3056   4783   2864   2413   6935   8947   9373   8981   2533   2634   5441   1478    240   2306   9898    881   5964    604   9338   7887   9201   9500   8351   8598   7403    728   9641   6587   5832    367   4180   3278   9395   5770   5833   3229   5711   7925   9943   9491    986    438   1341   5984   4170   9560    670   8392   9104   6127   3383   8024   8580   7288   1434   9829    435   1582   9300   2116
 6309   4763   8369   4256   9348   8948   5268   7987   1656   9642   8848   7187   1812   4140   3455   2059   3231   6031   4319   8901   4736   1353   7298   1904   9172   2811   8020   3450   1373   2821   7951   7102   3787   6473   8488   5957   9072   2000   2241   2245   9625   1279   1519   1483   1729   3078   5228   9724   2536    777   9709   3617   7356   4373   6167   5391   9616   7717   9531   7639    803   3048   6836   7917   6416   6778   7540    122   6295   3385   5325   2356    926   1053   2161   3890   3169   7378    721   9900    667   4085   4398   2675   5963   7721   7057   9623   5569   8050   9808   7997   5992   2612   9611   1214   9069   2181   5440   5632
 5724   7005   5425   4817   7906   4945   7255    737   1653    871   9582   5289   8084   6888   7325   6356   1536   3283   1017   9296   4222   5567   4141   5395   6992   6569   9378   1317   8792   4008   5734   1874   6824   3926   4670   9066   1657   3684   7132   1054   2742   6294   4640   6364   1308   6279   8982   6131   6961     10   7748   1525   6025   7392   9245   5604   4513   1423   1199   2750   7846   4968    416   5658   4104   1846   8184   5906   7233   2691   6290   8047   6552   9469   3632   5578   8046   8268   1614   2460    625    792   8151    480   7637   9358   6903   7467   8499   7035   2834   7373   9132   4285   7818    296   2513   1327   3765   9953
  734   6896   7098   8131   2563   3479   8028   3673   5828   8333   6073   1745   6289   8747   5296   3069   5203   4641   9708   6729   7907   9431   1141   8264   6572   8742   6805   7795   6519   8929   4105   4043   5330   2673   9497   6540   9783   8581   7361   9906   2792   4689   4566   6130   3242   8101   1135   9455   5881   5922   6061   8935   2149   5768   7002   7240   2397   5492   7266   7337    334   1914   4745    715   9297   9422   6133   3459   9329   7058   4979   9837    830   3955   7680   8928   7082   4350   5739   2209   7651   3070   8486   1074   4130   7008    706   7706   8523   8610   5285   6384   9095   5054   1463    353   4409   4496   1091   1650
 5417   3524   7433   6310   4355     45   4879   4258   6299    325   6510   5021   9387   5999   2405   5404   6453   4079   8546   1209   9325   8343   2321   7964   5815   4784    125   9835   5921   9827   4627   1518   5112   3767   6027   1398   8479   5387   2539   3080   7668   5983   2537   5878   1475   3038   8001   7914   2186   9321   6797   6417   9537   4032   5871   1570    238   7164   7025   3880   9553   9930   3288   9330   5600   1683   3641   9034   7738    754   3579    384   9603   8492   1322   3868   4665   1775   1252   6681   9050   8208   6622   7593   9165   4986   7504   7318   2622   8287   2782    729   2649   6140   8968   4868   9432    217   2491   6581
 5295   8993   9194   7926   3802   5503   1023   1048   7020   3186   4602   4026   8073   3628   4520   1241   7451   1511   1564   6207   3550   3773   3943   5382   4516   2582   4450   1836   6942   8917   6230   9751   2152   2759   4535   5075   5884   7653   1702   8314   1291   7195   3743   5478   6891   9522    205    730   3695   5697   5231   4572   3085   8463   3649   3519   1672   6117   5527   7236   2931   6523   9839   8071   3968   8188   2393   1651   3596   7742    763   3428   7503   4465   3190   4139   5408    225   2445   4168   1071   2133   9134    663    100   1321    469   6594   5933   1825   9322   3808   1427   2032   8445    946   6497    372   8620   8976
 8088   5562   4015   8451   8557   1611   3340   6214   8039   6732   3298   3624   8994   3066   3575   8021   3019   2488   3602   1884    863   1254   2963   8516   7282    461   1500   7349   3125   3436   5436   4955   8478   5748   4625   4145    772   7270   3033   7113   2508    628    968   6213    809   9116   2572   4916   2123   5058   1809   8500   7310   2754   2396   1717   4836   3010   8464   5515   2238   3168   5134   8872   3962   5088   4280    657   9344   7173     18   9078   2736   8339   7096   2314   5188   9840    539   2812    778   6059   7854   7120   4377   8189   9502   4158   6520   5894   6994   9041   2449   1326   4114   7890   9073   9879   7022    884
 3451   9506   8110   2803   2102   2100   4973   8037   1396   5756   6620   8757   5703   3393   5790   2772   3488   4819   5354   1879   6968   1847   4647   9270   7235   7471   8269   6238   7380   7804   7360   3679    457   8057   4468   8542   8766   6871   3504   7861   7607   5013   7239   6060   4526   8552    487   9716   7469   7326   4245    820   2701   5161   3615   9314   3276   6861   8262   6711   7303   8648    738   9140   2682   1508   4949   9120   9910   1881   8087   3837   5972   7860   8846   8190   3046   1695    527   4941   8919    767   7439   6003   1606   7431   5661    408   4604    732   5142   8261   4298   8350   1948   6916   4844   2614   8800   3853
 8691   1047   6624   1320   6037   8565   1084   2499   1169    201   4307     53   1721   7295   8031   6651   5937   1578   5602   4542   6785   2088   6196   4062   6253   3951   4890    506    687   3309   6796   5337   3193   9804   3365   9061   5128   2180   2151   6118   7214   8659   3731   8669   6815   2555   3264   2103   5376   6712   4782   4419   7646   5634   2794   2296   3377   7426   7143   6271   6801   7574   8204   3387   9269   3584   1818   5458   4178   5103   6096   6223   5738   1114   1375   3221    319    719   1678   7776   9712   9636    916    573   5853    378   3433   2213   3719   6044   4759   4457   1586   9059    233   8348   2388   3671   5821   4400
 9185   7023   4303   7627   7836   1723   1362   6331   6404   9263   2770   5914   9408   1258   2175   9901   3120   9485   8387   9135   4393   5875   7432   1747   8566   4136    273    676   5704   7923   3875   7598   5317   2577   1075   5539   8278   8462   8740   4864   4649   1271   5267   6304   2771   5179   9558   5747   6467   7004   4797   5046    486    281   5924   7500   8295   7733   8870   6583   6790   5222    108   6359   2377   4957   9563   1419   8282   6250    383   5737   9229   2353   3531   3884   6744   8385   3967   7123   3883   7526   3851   1443    930   5270    220   6991   8718   5230   5816   1634   8378   2494   8191   6977    945    279   2986   6421
 7843   8092   5898   6324   1771   5869   9051   6648   7084   1880   6220   4757   6526   6204   5060   2278   9652   5932   8040   6269   9362   9160   7070   2039   3212   7470   2984   3820   3983    399   3486   7042   3228   5447   8786   8951   7694   5663   8833   1026    688   7402   3844   2070   6894    561   8361   3320   5633   1380   3828   9363   3363   5725   1797   8710   9794   6319   9463   7518   8734   3292   2215    878   2764   4200   2581   7341   4594   1370   6197   2952   4768   9451   4716   2313   6175   5452   3253   9320   4758   3025   5457   4001   2767   9847   9204   7034   9785   4192   7183   4190   6795     52   3659   2844   5109   6913   5271     28
  957   4584   6137    612   3557   2141   5180   8441   3131   2702   9597   3491   5518    103   2269   2224   9215    643    806   9118   3515   7677   1930    512   1126   6098   1856   9470   5272   5979   6688   9141   8751   7115   4456   5897   6656   4372   8681   7052   2350   6184   6574   9209   8531   6145   2525   3318   5677   3713   9461   1247   8230   9876   9490   3794   6536   2867    352   6938   9547   5854   2504   4574   1056   7118   8853   8944   9974   6535   4061   1936   6466   2814    870   4828   3521   9333     14   9246   9888   4612   6644   4956   6351   8228   6258   6478   8626   3555   5182   4557   3885   4685   9324   5406   9434   6939   3736   1510
 5357   5373   3514   9826    980   3702   2384   2994   5589   9578   8675   2765   4095   6500   6761   7827   8497   6811   6978   1946   4999   4199   7879   2895   7493   3058   9669    999    355   2686   4529   9889   3564   1851   5030   9225   1062   9920   5003    467   1778   4441   4268   5836   8577   7151   9137   3781   5008   5215   4560   8152   5870   8198   2740   8330   3897   7576   9202   6050   2065   1183    639   7981   6534    268   6496   3917   3122   1499   9058   6354   8292    886   2197   6361   9496    990   6774   9068   1752   4042   9583   8533   6483   7307   2685   1933   9251   7506   6092   1243   5156     57   1530   7284   1411    890   5446   1807
  983   6240   2250    749   7974   9047   3027   3152    554   1035   2610   1233   3907    858   3194   8061   8417   9240   7428   5432   5546    280   3456   9287   8989   3647    456   8240    837   4877   8922    782    689   5507   9850   4756    851   9886   4630   2530   4329   6653   5886   5582   8802   5912   5036   3908   3100   5451   4683   2282   6248    713   3205   8744     78    345   1691   1613   8242   4047    382   8306    174   2835   3791   6731   3423   5174    163   8953   3248   7322   4554   7703   8621   4958   3187     64   1583   1770   3234   3912   4215    330   9268   7359   6831   1472   4608     30   7185    224   1436   8065   7435   7090   6306   6397
 1603   7193   1266   9380  10000    206   3945    165   5758   7093   5521   2573    861   9290   3470   3330   6782   3018    979   7514   8493   5769   1138   5772   6414   5108   2478   4286   9609   4905   4963   2757   6470   3188   6554   3588   9458   3007   9028   9939   8067   9447   3226   2400   1966   6959   7857    590   2067   6278   8655   7142    835   7381   4288   7623   4433   5695   4506   8177   3752   1441   2689   8949    138   2341   7319   3395    120   7847    701   7227   6513   8862   2172   3717   2908   2669   9313   3893   3111   1559   5201    680   8005   3161   3691   4511   2912   7714   5865    765   8964   9487   2878   9913   8746   5624   5645    644
 9021   6866   5568   1088   1865   8083   9780   5455    167   4295    386   2080   9589   7067   7863   7475   9776   7587   2045   2046   9854   7752   5132   2158   2390   1832   8658   6241   4729   2006   5243    801   6275   7247   3578   6943   3645   9787   2108   7501    633   5920   4427   6387   8656   7909   5044   4489   6578   8920   7296   5138   2081   6542   9606   5476   9868   6654    485   5022   8325   8494   9304   2483    720   8404   8764   5238   5073   7308   8825   5965   2731   2813   9392   2879   1935   6336    776   2640   8324   9949   3096   8784   5464   4518   6315   7316    429   6846   5781   1217   3197   7182   7271   7563    121   9550    377   4321
 9796   4668   1808   3591   7709   6670   4193   5683   2027   4704   1283   9799   9318   1459   7269   1196   5512   3623   9368   7745   3662   6474    716   5015   7436   8590   7293   4123    375   8714   4615   2995   1542   9062   4607   2657   8539   1059   9156   4943   7112   4832    236   4895   7125   4040   9814   4173   6615   9074   3376   7276   3536   1019   3582   8356   2646   2002   5071   2670   8431    517   4643   7867   9574    132   2725   1480   6321   1197    707   9921   1186   5534   4011   4242   8661   7079   5990   1477    789   1261    838   1099   2142   6582   1159   8439   1737   7095   6905   1295   9735   1637   3503   1803   6152   6647   1871    650
 8698   9173   2711   9844   5412   7659    800   6775   3336   5819   9821   9167   2349   8575   6142   9635   8526   5187   6516   4197   9037   5659   9819   4364   1937   6185   1484   9960   7208   2939   6749    669   7686   3367   6603   1642   3359   3620   4521   4391   6450   9643   9088   3746   9725   8162    727   3482   1044   4555   3240   4548   8785   5349   8979   9374   3518   4651   5023   5082   8281    117   1354   9441   4703   8885   5712   7219   6528   6588   7180   4761   3381   9356   8622   5735   2334   8940   1420   6579   8772   4472   1212   7919    212    387   8625   9444   7510   1394   2910   4235   5835   6602   7026   4509   4785   8709   8662   5814
 6839   1421   3846   5702   9975   4236    264   5680   1079   5277   2526   2805    659   7398   4921   5332   2760   4711   1639   8467   8308   3189   3547   4017   4070   2231   5378   5083   9546   7875   3698   4837   1345    418   6706   7274   4059   7220   6955   1395   4423   2936   7012   8422   7784   5829   9929   3724   6689   2012   2940   8315   6374   1407   1215   4351   4848   3761   3059   2227   3764   9881   8466   3661   4183   3047   6504   4263   9985   3342   7190   7311   3700   7206   7826   2205   8360   8127   6652   8966   8201   9238   1257   2093   1515   3517   6879   2578   7751   7043   3023   6972   9734   7833   8399   3937   2038    463   1043   6614
 7896   5620   9946   2234   6715   1034   5841   4865   8660     44   6153   2915   7030   5520   8257   1902   8273   4010   8730   7370   1096   1389   1119    992   6111   3494   7983   8055   2128   9969   6109   3372   7485   2226   8444   5450   1994   4490   8866   5525   4906   1334   4196     56     82   5175   4069   9025   3230   3045   9584   1547   5118   6643   9438   1709   2310   6471   1601   6802   9811   5043   1566    796   7815   6291   9984   5812   5431   8409   8018   7820   5773   8547   3561   4802   7955   3633   9385   2679   2069    556   2166   9481   4730   5385   2375   4089   8121   5626   6402   3947   2961   1432   1727   2848   3412   8858   9257   7490
 9079   2085    318    557   8585   8783   2202   9004   7740   5125    390   8041   3573   1541   3192   5910   9099   6990   7732    900   6070   6919   3465   1675   5892   8323   6646   9525   6313   4567   3745   5445    725   7828   8094   9443   6032   8865    736   6947   7393   3327   7390   5809   2846   7524   9203   3328   9570   6970   1824   3299   8670   1269   1623   8826   5213   3729   7730   2228   7377   6708   3936   2783   5488   7080   8835   3142   6254    263   5801   5566   8568   7508   4661   3185   6172   1129   7851   2583   9472   6463   6565   4227   1033   1774   5776   6518   1016    393   9081   9394   2105   8195   9414   3020   4281   3147   2090   3635
 3028   9364   6560   7704    124   4420   3911   8842   8988   8877   4928   8815   9026   1631   5890   3860   1100   2156   7073   7546    137   1878   6434   3113   5603   7609   9399   4528   3686   1693   6636   1932   7779   5533   8855   3130   8017   1453   9043   6754    666   4071   8907    636   8114   6596   8216   4824    397   2412   1155   9105   4146   8105   8767   4214   7760   9647   5379   7317   1231   5949    460   5985   8320   8896   6435   4923   1224   1015   3848    779   1666   7162   1207   2472   7577   6874   5386   2955   4410   5080   1250   2064   5365   9513   9023   9938   3606   3841   8349   1305   1092   7156   7512   2840   2099   3925   1552   3166
 8384    287   5402    584   1450    860   7071   2078   5752    537   8931   8140   1431    746   7657   5733   7756   7728   8807   4626   7852   6645   6455   8205   5374   8889   1632   8227   2261   5916   3201   2651   6201   8248   7422   9668   9175   8297   1152   7567   6182    208   4549   8194   8454   5052   2332   5466   9721    351    389   5960   7441   3609   4878   3041   1757   9591   4299   5209   4806   9332   7483   6792   6619   8695   5051   3090   5670   4076   4182   3571   7829   4445   2398   3933   3139   9265   9624   4551   2444   2718   8761   7492   9383   9831   3681   7953   8684   5366   8973   7982   5982   6563   3274   5380   9730   3600   4493   4045
 5811   4068   5941   1337   2909   3956   1764   3291   5485    882   8353   9111   8617   2632   9039    987    959   8118   6125   3154   3478   6550   5757   8235    710   7153   9228    157   1886   4480   2086   3634   2787   7743   3146   8770   4297   4004    181    391   1315   9639    997   3039   7409   3322   5273   9698   2820   7765    515   3500   7292   9044   6154   8924   4706   9122   9370   4966   3742   1538   3748   8234   1481   5095   4128   8203   5136    642   5407   1627   2668   1021   3235   2256   9053   1629   4459    327   6996   2304    996   1464    188   1539   1810    301   4970    679   4411   3471   3847   7036   6980   7865   2621   6952   6115   6176
 8528   1829   9316   2436   8987   2060   9247   7813   3976   4997   5684   3401   1323   4862   7628    412   2003   2177    105   7521   1386   4942   4717    570   4332   4264   1906   5838   6001   8247   4582   4965    942   7375   6430   2799   8640    328   2982   7892   5257   6180   6743   9146   2345   4976   5797   2695   3766   6219   7060   4497    954   3473   7267   3815   5360   9561   7174   5728   9089   2894   4383   5612   1768   6400   5217   9957   6195   5326   4435   8391   3655   7613   6312   1577   3426    609   1179    475   4933   4478   4573   2797   7945    784   4767   8102   7517   2552   6988    496   4237   8647   2182   3022   6200    955   5465   4325
 5655    379   3666   1800   7065   9878   8861   5214   2990   5396   4339   1147   5888   7145   5867    298   6508   8794   7900   3970   6412   8983   9345   7616   6597   5090   1785   4108   5720   2040   5523   3052   4690   9436   9386   1942    154   5574   4546   8736   3796   7549   8512   9587   7530   3753   2434   9350   4741   8149   4600   3461   1335   3869    941   6413    791   7674   6803   7603   2851   9894   1004    807   1905   2839   7624   4787   1350   4005   9564   3266   8298   7533   7755   2971   8359     88   4891   3015   1732    877   3124   8933   5873   3138   2324   4749   7560     23   5233   7379   3824   9258   3439   2176   1993   2076   2063   5000
 2219   2947    664   3184   9832   7376   9893   9509   4452     29   9571   9770   6484   3453   5284   2717   3663   1307    244   4553   2920   7839   8066   9797   7516   4352    640   8334   6931   4930   8602   6605      9   3145   9990   8775   4903   3644   8939   7027    411   5099   1828   1136   2145   8176    455   5997   4803   7866   3262   9483   5241   4814   2137   7933   5189   6933   5740   1513   3332    902   1368   2229    215   3171   9694   8956   4543   6106   6892   8436   9828   1581   7712   4765   4194   4799   7897   8650   4674   6262   4208   9248   5919   1697   5290   5311   3625   4810   9919   1020   3148   1680   1208   1030   8738   2430   4939   4571
 5536   4083   7759   5991   4198   6963   7312   9271   6479   1173   8753   3173   1842   9858    369   3703   1607   2492   3256   6372   6858   7750   1813   7272   7835   5627   1604   7202   3492   1238    395   5089   4382   3682   5681   8322   3861    971   4278   1433   7497   7729   6391   9155    392   1718   6063   4568   4744   7135   4503   2466     21    520   5308   4267    282    262   2498   6124   5665   2738   7844   3216   9355   4124   2203   2194   3481   4309   7771   8159   1468   8672   4087   6202   6344   1268   8959   7790   6016   7555   4389   3158   4609   1899   9592   1187   7547   7962   7606   5656   4074   2929   1416   7029   2104   8487   3507   7152
 3774   1619   6181   4800   9288   6033   2877   6380    247    443   6755   5313   4675   1673   7754   8458   5548   5509   4097   5531   4950   2752   6424   9731   8491   6944   2769   7564   8328   4581   8266   5443   8521   3850   3689   2054   8132   9223   2885   8774    171   6825   7413   1008    947   6609   5006   7551   7437   2901   3991   6247   6736   1891   5190   5210    563   3622   9573   6570    231   8913   4058   8146   2775   1282   4866   4000   8733   4167   4822   7389   3539   5882   9971   1347   4786   3754   6634   5474   6906   8683   2443   9298   7723   7806    865   6298   8556    885   5674   4238   2028   7580   3971   8888   4677   9093   3160   4166
 9191   2237   1544   5121   7652   6576    914   8595    594   5050   3004   6446   3289   6150   3528    440   9195   4672   4453   9450   5936   9092   1877   5499   4909   5798   8220    944   2074   1640   5590    760   3636    868   9995   8461   2887   7138   6562   1318   6868   1072   4855   1507   7040   1150   7617   9660   1121    228   3975     71   6767   1262    444   8108   2298   4825   7855   1617   6419   3572   4606   3324   3616   2317   6860    140   2761   2585   5007      4   4808    879   3834   9743   8095   9638   3396   1543   4517   1516   1425    286   5613   1133   9501   4638    675   1232   8529   6276   8793   3795   1222   1260   3881   2817   9604   6827
 1526    295   4340   8056   7044    880   1854   4143   2590   2094   5477   1786    524   4898   6928   1528   5009   7231   8952     37   2071   1142   5794    288   9872   4724    526    336   5995   3656   3313   1324   4102   7140   8522    402   5981    141   3674   2806   5618   5041    182   3510   2111   8927   5065   7693   3906   3134   1369   4119   9737   2455    918   5017   2011   8594   8849     89    753   3279   6022    119   6100   1438   9117   6717    764   8453   3540   9216    901   6855   1615   3757   8536   9816   5541   6538   8732   1387   7525   4658   8509   8396   6017   1460   8137   2435   1751    542   4316   6926   6555   9545   1689   2874   8440   5804
 4294    743   2249   7511   7602   1461   9277    523   8884   8442   6983   4829   3727   1956   5726   2958   7675   5861   5176   9349   8678    266   8752   9267   6245   2927   8253   9052   2579   8830    703   8838   1131   5915   5232   3904   5469   1422   5388   1848   4482   3845   9286   6884   7940   1918   2285   4396   2784   1397   4407   4820   3353   8293   1509   4538   8211   5557   5760   4357   1620   7003   5018   1503   2284   6832   3083   3222   9637   6263   8459   1255   7328    622   7749   6469   1170   3349   7463   7280   8641   1527   6558   1382   9353    814   3427   4395   7810   1490   8192   3448   7283   5792   9795   9838   6642   3243   5859   7176
  991   5491   1561   4169   5255   5002   4033   4131    892   3558   7780   1931   7494   4415   4229   2595   6606   3331   8407   7489   1415   7830   6604   3706   1981   4217    357    845   9147   6039   9377   8215    910   1562   5961   3175   9152   2828   5426    842   3123    252   5727   1779   6759   4974   7920   6429    543    426   9958   6198   5942   2469   9169   1529   7635    145   7314   6337   4778   8206    500   4430   5785   8179   7399   1788   3965   6673    406   9232   5824   6862   1157   7414   1934   4205   8856   2379   2138   4485   8501   7568   1093   8651   9541   5977   9484   8457   5274   9510    400    249    781   4225   2337   6577   5925   6887
 9897   2703   3785   2470   5114   8914   5094   1949   6208    864   1705   7683    690   2019    898   1112   8879   6482    549   7991   3005    227   4620   8895    322   4650   5300   5427   1974   3163   8256   8762   2930   6288   2970   1941   7160   2617   4598   2596   9884    920   3996     24   9032   4669   1647   7905   3001   4989   5596   5042   1575   2370   6205   8834   9608   9231   5675   8393   5980   6102    278   6036   4653   2502   5508   9741   1115   4599   5880   2521   3414   7050   5057   1454   3549   9619   6671   6753   4438   4547   9054   1366   7566   9153    454   3118   9738   1915   6432   2254   5542   8723   4967   8134   1961   9678   3208   6505
 9030   8852    718   1145   5754   7644   9254   8124   2477   1377    254   8213   4636   8254   8141   8517   8355   4437   9234   9133   4378   5178    106   1897   4470   9299   5383   5315   4623   6551   6573   9588   5729   6512   1862   2415   7473   3452   2288   5691   1834    889   5587   9934   1412   6599   3469    133   6751   6995   3898   1572   4142   4161   9302   7371   5162   6616   5823   6957   9063   6303   7662   1958   3394   6024    683   8307   2928   8965   6270   6739   6499   9340    508   1289   7943   6696   3977   6377   7763    291   5291   7868   7134   1736   2013   7605    897   7391   1487   7538   1821   1596   3562   8128   1853   5714   4156   5307